organism = all
| name   |   x max |   x -5% max |   x -10% max |   y max |   y -5% max |   y -10% max |   +z max |   +z -5% max |   +z -10% max |   -z max |   -z -5% max |   -z -10% max |   z max |   z -5% max |   z -10% max |
|--------+---------+-------------+--------------+---------+-------------+--------------+----------+--------------+---------------+----------+--------------+---------------+---------+-------------+--------------|
| ALA    |    4.41 |        4.12 |         3.99 |    4.92 |        4.66 |         4.53 |     2.42 |         2.16 |          2.06 |     2.42 |         2.17 |          2.04 |    4.33 |        3.57 |         3.37 |
| ARG    |   16.54 |       13.16 |        12.59 |   73.88 |       12.59 |        11.33 |     8.84 |         6.3  |          5.61 |     8.09 |         5.81 |          5.18 |   10.4  |        7.88 |         7.39 |
| ASN    |    9.15 |        7.18 |         6.72 |    8.82 |        6.69 |         6.25 |     4.47 |         3.38 |          3.1  |     4.45 |         3.3  |          3    |    6.59 |        5.21 |         4.89 |
| ASP    |    8.93 |        6.92 |         6.68 |    7.69 |        6.21 |         5.74 |     3.71 |         3.24 |          2.92 |     3.74 |         2.99 |          2.66 |    5.77 |        4.74 |         4.49 |
| CYS    |    7.31 |        5.54 |         5.38 |    7.06 |        5.08 |         4.79 |     3.77 |         2.45 |          2.3  |     3.42 |         2.54 |          2.34 |    5.18 |        4.01 |         3.86 |
| GLN    |   11.74 |        9.5  |         9.07 |   11.38 |        9.05 |         8.2  |     5.74 |         4.44 |          4.03 |     5.75 |         4.21 |          3.77 |    7.88 |        6.14 |         5.82 |
| GLU    |   10.02 |        9.12 |         8.88 |    9.83 |        7.98 |         7.27 |     4.93 |         4.21 |          3.8  |     4.91 |         4.17 |          3.77 |    6.94 |        5.97 |         5.6  |
| GLY    |    4.24 |        3.94 |         3.76 |    4.83 |        4.72 |         4.65 |     2.41 |         2.15 |          1.97 |     2.42 |         2.05 |          1.82 |    4.36 |        3.32 |         3.02 |
| HIS    |   11.31 |        8.81 |         8.44 |   11.01 |        8.92 |         8.19 |     5.5  |         4.28 |          3.71 |     5.71 |         4.26 |          3.71 |    7.35 |        6.14 |         5.87 |
| ILE    |    9.36 |        7.85 |         7.33 |    9.3  |        7.42 |         6.46 |     4.6  |         3.82 |          3.45 |     4.64 |         3.32 |          2.94 |    6.63 |        5.42 |         5.06 |
| LEU    |    9.37 |        8.26 |         7.64 |    9.33 |        7.18 |         6.53 |     4.73 |         3.89 |          3.68 |     4.65 |         3.71 |          3.31 |    6.74 |        5.68 |         5.39 |
| LYS    |   14.27 |       12.04 |        11.56 |   14.19 |       10.42 |         9.15 |     7.15 |         5.51 |          4.97 |     7.02 |         5.18 |          4.53 |    8.88 |        7.14 |         6.69 |
| MET    |   12.14 |        9.92 |         9.11 |   11.97 |        8.68 |         7.9  |     6.14 |         4.64 |          4.33 |     6.16 |         4.03 |          2.69 |    8.15 |        6.34 |         5.82 |
| PHE    |   12.51 |       10.77 |        10.1  |   12.41 |       10.1  |         9.52 |     6.14 |         4.89 |          4.45 |     6.18 |         4.73 |          4.27 |    8.28 |        6.81 |         6.47 |
| PRO    |    6.36 |        5.57 |         5.04 |    6.66 |        5.94 |         5.41 |     3.34 |         2.68 |          2.35 |     3.34 |         2.41 |          2.31 |    5.57 |        4.43 |         4.17 |
| SER    |    6.56 |        4.88 |         4.76 |    6.46 |        4.73 |         4.65 |     3.21 |         2.35 |          2.22 |     3.23 |         2.31 |          2.17 |    5.28 |        4.1  |         3.76 |
| THR    |    7.01 |        5.95 |         4.9  |    7.02 |        4.91 |         4.75 |     3.42 |         2.4  |          2.31 |     3.45 |         2.34 |          2.22 |    5.55 |        4.32 |         4.1  |
| TRP    |   15.25 |       12.3  |        11.41 |   14.01 |       12.39 |        11.36 |     7.1  |         5.86 |          5.39 |     6.68 |         5.57 |          5.27 |    8.65 |        7.42 |         7.24 |
| TYR    |   14.03 |       11.48 |        10.87 |   14    |       12.25 |        11.55 |     6.93 |         5.98 |          5.61 |     6.67 |         5.32 |          4.96 |    8.97 |        7.89 |         7.34 |
| VAL    |    7.01 |        6.47 |         5.52 |    7.04 |        5.12 |         4.83 |     3.47 |         2.54 |          2.4  |     3.41 |         2.48 |          2.36 |    5.38 |        4.42 |         4.14 |

organism = homo sapiens
| name   |   x max |   x -5% max |   x -10% max |   y max |   y -5% max |   y -10% max |   +z max |   +z -5% max |   +z -10% max |   -z max |   -z -5% max |   -z -10% max |   z max |   z -5% max |   z -10% max |
|--------+---------+-------------+--------------+---------+-------------+--------------+----------+--------------+---------------+----------+--------------+---------------+---------+-------------+--------------|
| ALA    |    4.32 |        4.27 |         4.19 |    4.8  |        4.57 |         4.37 |     2.39 |         2.1  |          2.06 |     2.42 |         2.19 |          2.11 |    4.27 |        4.06 |         3.94 |
| ARG    |   16.47 |       14.7  |        13.99 |   16.14 |       13.26 |        12.12 |     8.04 |         5.93 |          5.2  |     8.04 |         6.48 |          5.62 |   10.03 |        8.14 |         7.55 |
| ASN    |    9.04 |        8.09 |         7.43 |    8.69 |        6.84 |         6.26 |     3.94 |         3.23 |          2.86 |     4.38 |         3.94 |          3.47 |    6.09 |        5.45 |         5.11 |
| ASP    |    7.5  |        6.92 |         6.59 |    7.36 |        6.32 |         5.97 |     3.53 |         2.88 |          2.55 |     3.51 |         3.03 |          2.88 |    5.42 |        4.88 |         4.66 |
| CYS    |    7.31 |        5.34 |         4.95 |    6.74 |        5.05 |         4.83 |     3.75 |         2.55 |          2.38 |     3.42 |         2.6  |          2.54 |    5.18 |        4.34 |         4.02 |
| GLN    |   11.74 |       10.55 |        10.05 |   10.67 |        8.44 |         7.76 |     5.73 |         4.39 |          3.91 |     5.51 |         4.36 |          4.07 |    7.3  |        6.25 |         5.84 |
| GLU    |    9.56 |        9.09 |         8.89 |    9.15 |        7.67 |         6.9  |     4.92 |         4.22 |          3.39 |     4.83 |         4.49 |          4.15 |    6.71 |        5.91 |         5.64 |
| GLY    |    4.16 |        4.07 |         3.91 |    4.83 |        4.71 |         4.67 |     2.4  |         2.18 |          2.08 |     2.41 |         2    |          1.84 |    4.31 |        3.47 |         3.24 |
| HIS    |   10.58 |        9.22 |         8.73 |   11.01 |        9.58 |         9.01 |     5.45 |         4.66 |          4.36 |     5.71 |         4.66 |          4.08 |    7.27 |        6.74 |         6.32 |
| ILE    |    9.33 |        8.23 |         8.05 |    8.59 |        7.74 |         7.34 |     4.55 |         4.37 |          4.14 |     4.64 |         3.34 |          3.04 |    6.63 |        5.91 |         5.59 |
| LEU    |    9.35 |        8.66 |         8.39 |    8.93 |        7.47 |         6.89 |     4.54 |         4.23 |          4.08 |     4.41 |         3.77 |          3.48 |    6.51 |        6.12 |         5.76 |
| LYS    |   14.17 |       12.75 |        12.3  |   14.19 |       11.7  |        10.8  |     6.6  |         4.91 |          4.02 |     7.02 |         5.52 |          5.03 |    8.46 |        7.28 |         6.87 |
| MET    |   12.14 |       10.67 |        10.19 |   11.97 |        9.8  |         8.56 |     5.98 |         4.36 |          3.91 |     5.24 |         3.98 |          2.77 |    7.75 |        6.38 |         5.71 |
| PHE    |   12.41 |       11.58 |        11.17 |   12.37 |       10.8  |        10.04 |     6.14 |         5.1  |          4.59 |     6.18 |         4.97 |          4.47 |    8.28 |        7.4  |         6.78 |
| PRO    |    6.17 |        5.95 |         5.79 |    6.64 |        6.33 |         6.17 |     3.25 |         3.09 |          2.99 |     3.34 |         3.03 |          2.85 |    5.57 |        4.98 |         4.74 |
| SER    |    6.56 |        6.01 |         5.47 |    6.44 |        4.84 |         4.68 |     3.2  |         2.63 |          2.38 |     3.21 |         2.39 |          2.29 |    5.14 |        4.43 |         4.2  |
| THR    |    7.01 |        6.61 |         6.42 |    6.85 |        5.67 |         5.02 |     3.24 |         2.72 |          2.51 |     3.41 |         3.08 |          2.66 |    5.36 |        4.95 |         4.73 |
| TRP    |   13.91 |       12.51 |        11.55 |   11.96 |       11.83 |        11.69 |     5.7  |         4.75 |          4.6  |     5.68 |         5.17 |          4.98 |    8.01 |        6.94 |         6.67 |
| TYR    |   14.03 |       12.37 |        11.55 |   14    |       12.46 |        11.85 |     6.64 |         6.02 |          5.53 |     6.49 |         5.7  |          4.85 |    8.53 |        7.83 |         7.52 |
| VAL    |    7.01 |        6.89 |         6.74 |    6.86 |        6.47 |         6.1  |     3.46 |         3.19 |          2.93 |     3.36 |         2.8  |          2.48 |    5.38 |        4.99 |         4.64 |

organism = escherichia coli
| name   |   x max |   x -5% max |   x -10% max |   y max |   y -5% max |   y -10% max |   +z max |   +z -5% max |   +z -10% max |   -z max |   -z -5% max |   -z -10% max |   z max |   z -5% max |   z -10% max |
|--------+---------+-------------+--------------+---------+-------------+--------------+----------+--------------+---------------+----------+--------------+---------------+---------+-------------+--------------|
| ALA    |    4.41 |        4.27 |         4.18 |    4.82 |        4.66 |         4.57 |     2.42 |         2.19 |          2.13 |     2.4  |         2.2  |          2.06 |    4.2  |        3.52 |         3.35 |
| ARG    |   15.97 |       14.22 |        13.01 |   16.45 |       12.73 |        11.04 |     7.5  |         6.58 |          6.13 |     7.55 |         5.29 |          4.23 |    9.91 |        7.99 |         7.64 |
| ASN    |    8.52 |        7.37 |         7.12 |    8.25 |        6.15 |         5.68 |     3.66 |         3.41 |          2.99 |     3.84 |         3.04 |          2.72 |    6.2  |        5.09 |         4.72 |
| ASP    |    7.38 |        6.83 |         6.69 |    7.26 |        6.42 |         5.89 |     3.56 |         3.32 |          3.18 |     3.65 |         3.39 |          3.05 |    5.25 |        4.92 |         4.69 |
| CYS    |    5.66 |        5.58 |         5.57 |    5.52 |        5.5  |         4.34 |     2.33 |         2.32 |          2.2  |     2.39 |         2.39 |          2.04 |    4.52 |        4.47 |         4.09 |
| GLN    |   11.44 |        9.64 |         9.06 |   10.26 |        8.96 |         7.82 |     5.71 |         4.75 |          4.21 |     5.4  |         4.05 |          3.81 |    7.18 |        6.39 |         6.03 |
| GLU    |    9.54 |        9.25 |         9.06 |    9.02 |        7.78 |         6.84 |     4.93 |         4.01 |          3.67 |     4.83 |         4.55 |          4.11 |    6.62 |        6.14 |         5.88 |
| GLY    |    4.15 |        3.81 |         3.54 |    4.81 |        4.65 |         4.57 |     2.36 |         2.14 |          2.02 |     2.37 |         2.2  |          1.99 |    4.35 |        3.97 |         3.49 |
| HIS    |    9.2  |        8.96 |         8.55 |   10.95 |       10.84 |        10.71 |     4.57 |         4.2  |          4.12 |     4.32 |         3.9  |          3.38 |    6.52 |        6    |         5.78 |
| ILE    |    7.8  |        7.19 |         6.82 |    7.01 |        6.59 |         6.48 |     3.6  |         3.18 |          3.03 |     3.6  |         2.53 |          2.29 |    5.43 |        4.42 |         4.23 |
| LEU    |    7.76 |        7.29 |         7.13 |    7.65 |        7.01 |         6.42 |     3.82 |         3.55 |          3.18 |     3.9  |         3.47 |          3.04 |    5.64 |        5.34 |         5.14 |
| LYS    |   13.78 |       11.94 |        11.49 |   13    |       10.58 |         9.27 |     6.64 |         6.19 |          5.46 |     6.54 |         5.25 |          4.38 |    8.62 |        7.97 |         7.29 |
| MET    |   11.42 |       10.03 |         9.06 |   10.39 |        7.96 |         6.62 |     5.7  |         4.54 |          4.23 |     4.8  |         4.29 |          3.17 |    7.37 |        6.58 |         5.9  |
| PHE    |   10    |        8.92 |         8.5  |    9.83 |        8.99 |         8.7  |     4.97 |         4.66 |          4.43 |     5.04 |         3.93 |          2.84 |    7.22 |        6.37 |         5.76 |
| PRO    |    6.36 |        5.94 |         5.61 |    6.44 |        6.01 |         5.59 |     3.34 |         3.26 |          3.05 |     3.25 |         2.3  |          2.2  |    5.13 |        4.47 |         4.22 |
| SER    |    6.47 |        4.77 |         4.62 |    5.21 |        4.74 |         4.68 |     2.63 |         2.27 |          2.16 |     2.84 |         2.4  |          2.28 |    4.52 |        3.93 |         3.53 |
| THR    |    6.95 |        6.1  |         4.86 |    6.75 |        4.88 |         4.76 |     3.34 |         2.54 |          2.37 |     3.34 |         2.62 |          2.38 |    5.36 |        4.58 |         4.2  |
| TRP    |   11.97 |       11.19 |        11.02 |   11.26 |       10.76 |         9.85 |     5.91 |         5.59 |          5.39 |     6.68 |         6.65 |          6.54 |    8.54 |        8.53 |         8.43 |
| TYR    |   13.13 |       11.05 |        10.4  |   12.76 |       12.01 |        10.95 |     6.4  |         5.96 |          5.62 |     6.42 |         3.48 |          2.68 |    8.43 |        7.62 |         7.15 |
| VAL    |    6.83 |        6.32 |         6.03 |    5.63 |        5.09 |         4.8  |     3.44 |         2.49 |          2.4  |     3.25 |         2.45 |          2.32 |    4.56 |        4.26 |         4.16 |

organism = virus
| name   |   x max |   x -5% max |   x -10% max |   y max |   y -5% max |   y -10% max |   +z max |   +z -5% max |   +z -10% max |   -z max |   -z -5% max |   -z -10% max |   z max |   z -5% max |   z -10% max |
|--------+---------+-------------+--------------+---------+-------------+--------------+----------+--------------+---------------+----------+--------------+---------------+---------+-------------+--------------|
| ALA    |    4.35 |        4.25 |         4.1  |    4.92 |        4.71 |         4.63 |     2.38 |         2.14 |          2.03 |     2.4  |         2.28 |          2.09 |    4.31 |        4.04 |         3.49 |
| ARG    |   16.54 |       14.31 |        13.46 |   73.88 |       12.64 |        11.61 |     8.84 |         6.62 |          5.97 |     7.87 |         5.86 |          5.06 |   10.4  |        8.33 |         7.72 |
| ASN    |    8.7  |        7.41 |         7.09 |    8.25 |        6.99 |         6.31 |     4.24 |         4.03 |          3.36 |     4.45 |         3.11 |          2.96 |    6.39 |        5.36 |         5.07 |
| ASP    |    8.93 |        7.01 |         6.8  |    7.69 |        6.38 |         5.86 |     3.71 |         3.27 |          2.77 |     3.74 |         3.16 |          2.91 |    5.49 |        4.84 |         4.65 |
| CYS    |    5.79 |        5.09 |         4.8  |    5.54 |        5.22 |         4.83 |     2.89 |         2.4  |          2.33 |     2.82 |         2.59 |          2.35 |    5.01 |        3.99 |         3.89 |
| GLN    |   11.58 |       10.86 |        10.55 |   11.07 |        8.84 |         7.85 |     5.64 |         4.52 |          4.18 |     5.75 |         4.84 |          4.33 |    7.88 |        6.71 |         6.3  |
| GLU    |    9.7  |        9.03 |         8.58 |    9.63 |        7.83 |         7.15 |     4.61 |         3.69 |          3.34 |     4.91 |         4.72 |          4.23 |    6.53 |        6.06 |         5.89 |
| GLY    |    4.13 |        3.92 |         3.73 |    4.82 |        4.73 |         4.69 |     2.38 |         2.21 |          2.08 |     2.38 |         2.11 |          1.91 |    3.75 |        3.34 |         3.15 |
| HIS    |   10.83 |       10.38 |        10.01 |    9.63 |        8.66 |         8.28 |     4.51 |         4.28 |          3.88 |     5.3  |         5.05 |          4.44 |    6.51 |        5.94 |         5.77 |
| ILE    |    8.51 |        7.43 |         7.32 |    7.25 |        6.3  |         5.75 |     4.34 |         3.92 |          3.77 |     3.6  |         2.75 |          2.33 |    6.36 |        5.34 |         5.18 |
| LEU    |    9.03 |        8.64 |         7.7  |    9.33 |        7.48 |         6.5  |     4.58 |         4.15 |          3.87 |     4.65 |         3.72 |          3.2  |    6.42 |        5.75 |         5.46 |
| LYS    |   14.19 |       12.51 |        11.64 |   13.57 |       11.07 |        10.09 |     6.84 |         5.73 |          5.29 |     6.57 |         4.89 |          4.04 |    8.4  |        7.2  |         6.8  |
| MET    |   11.49 |       10.2  |         9.05 |   11.07 |        9.15 |         8.43 |     5.82 |         5.4  |          5.1  |     5.88 |         4.43 |          4.16 |    7.3  |        6.22 |         6.08 |
| PHE    |   10.83 |       10.42 |        10.26 |   11.62 |       10.94 |         9.85 |     5.84 |         4.91 |          4.34 |     5.04 |         4.51 |          4.33 |    7.13 |        6.77 |         6.42 |
| PRO    |    6    |        5.95 |         5.79 |    6.46 |        6.21 |         6.05 |     3.24 |         3.02 |          2.85 |     3.22 |         2.67 |          2.33 |    5.26 |        4.51 |         4.36 |
| SER    |    6.34 |        5.17 |         4.77 |    6.07 |        4.75 |         4.69 |     3.1  |         2.36 |          2.24 |     3.18 |         2.34 |          2.2  |    5.28 |        4.1  |         3.73 |
| THR    |    6.83 |        6.31 |         5.93 |    5.86 |        4.94 |         4.78 |     3.21 |         2.45 |          2.33 |     3.43 |         2.51 |          2.34 |    5.55 |        4.32 |         4.11 |
| TRP    |   15.25 |       15.1  |        15.06 |   13.39 |       13.07 |        12.55 |     7.1  |         6.97 |          6.82 |     6.31 |         4.63 |          4.39 |    8.65 |        8.5  |         8.39 |
| TYR    |   13.17 |       11.16 |        10.95 |   12.93 |       11.99 |        11.03 |     6.93 |         6.47 |          6    |     6.25 |         4.17 |          3.65 |    8.78 |        8.32 |         8.05 |
| VAL    |    6.91 |        6.74 |         6.14 |    6.67 |        5.34 |         5.22 |     3.32 |         2.9  |          2.75 |     3.1  |         2.44 |          2.24 |    5.29 |        4.71 |         4.27 |
