CNN: 

level 1
[[110527     35]
 [  4232      6]] 0.96 0.74
level 2
[[110681     39]
 [  4008     72]] 0.96 0.77
level 3
[[110453    125]
 [  4095    127]] 0.96 0.8
level 4
[[109897    188]
 [  4484    231]] 0.96 0.81
level 5
[[109330    411]
 [  4680    379]] 0.96 0.81
level 6
[[108544    511]
 [  5163    582]] 0.95 0.82
level 7
[[107598    665]
 [  5751    786]] 0.94 0.83
level 8
[[106557    869]
 [  6389    985]] 0.94 0.83
level 9
[[105492   1098]
 [  6842   1368]] 0.93 0.83
level 10
[[104530   1242]
 [  7367   1661]] 0.93 0.83
level 11
[[103839   1358]
 [  7746   1857]] 0.92 0.83
level 12
[[103390   1354]
 [  8163   1893]] 0.92 0.83
level 13
[[103064   1363]
 [  8415   1958]] 0.91 0.83
level 14
[[103000   1411]
 [  8516   1873]] 0.91 0.83
level 15
[[103012   1376]
 [  8809   1603]] 0.91 0.82
level 16
[[103385   1275]
 [  8743   1397]] 0.91 0.81
level 17
[[103456   1186]
 [  8995   1163]] 0.91 0.79
