CNN: 

level 1
[[99380 11182]
 [ 2633  1605]] 0.88 0.73
level 2
[[99996 10724]
 [ 2368  1712]] 0.89 0.76
level 3
[[100367  10211]
 [  2307   1915]] 0.89 0.78
level 4
[[99938 10147]
 [ 2601  2114]] 0.89 0.78
level 5
[[99054 10687]
 [ 2749  2310]] 0.88 0.78
level 6
[[97821 11234]
 [ 3075  2670]] 0.88 0.79
level 7
[[96324 11939]
 [ 3512  3025]] 0.87 0.79
level 8
[[94994 12432]
 [ 3907  3467]] 0.86 0.78
level 9
[[93917 12673]
 [ 4219  3991]] 0.85 0.79
level 10
[[92953 12819]
 [ 4640  4388]] 0.85 0.79
level 11
[[91928 13269]
 [ 4831  4772]] 0.84 0.79
level 12
[[91020 13724]
 [ 4991  5065]] 0.84 0.79
level 13
[[90368 14059]
 [ 5080  5293]] 0.83 0.79
level 14
[[89876 14535]
 [ 5066  5323]] 0.83 0.79
level 15
[[89518 14870]
 [ 5142  5270]] 0.83 0.78
level 16
[[89120 15540]
 [ 5099  5041]] 0.82 0.77
level 17
[[89051 15591]
 [ 5283  4875]] 0.82 0.76
