CNN: 

level 1
[[107085   3477]
 [  3314    924]] 0.94 0.67
level 2
[[107503   3217]
 [  3046   1034]] 0.95 0.69
level 3
[[107423   3155]
 [  3077   1145]] 0.95 0.7
level 4
[[106822   3263]
 [  3367   1348]] 0.94 0.71
level 5
[[105895   3846]
 [  3614   1445]] 0.94 0.72
level 6
[[104614   4441]
 [  4053   1692]] 0.93 0.72
level 7
[[103293   4970]
 [  4485   2052]] 0.92 0.73
level 8
[[101961   5465]
 [  4977   2397]] 0.91 0.73
level 9
[[100768   5822]
 [  5401   2809]] 0.9 0.73
level 10
[[99321  6451]
 [ 5812  3216]] 0.89 0.73
level 11
[[98122  7075]
 [ 6076  3527]] 0.89 0.74
level 12
[[97013  7731]
 [ 6290  3766]] 0.88 0.75
level 13
[[96581  7846]
 [ 6418  3955]] 0.88 0.75
level 14
[[96202  8209]
 [ 6427  3962]] 0.87 0.75
level 15
[[95886  8502]
 [ 6471  3941]] 0.87 0.75
level 16
[[95809  8851]
 [ 6349  3791]] 0.87 0.74
level 17
[[95508  9134]
 [ 6557  3601]] 0.86 0.73
