CNN: 

level 1
[[107618     84]
 [  6814    172]] 0.94 0.72
level 2
[[107600    108]
 [  6677    303]] 0.94 0.75
level 3
[[107438    183]
 [  6635    432]] 0.94 0.78
level 4
[[107207    258]
 [  6651    572]] 0.94 0.8
level 5
[[106530    340]
 [  7105    713]] 0.94 0.81
level 6
[[105703    327]
 [  7704    954]] 0.93 0.82
level 7
[[104827    433]
 [  8315   1113]] 0.92 0.82
level 8
[[103883    527]
 [  8881   1397]] 0.92 0.83
level 9
[[102861    578]
 [  9595   1654]] 0.91 0.83
level 10
[[102068    594]
 [ 10126   1900]] 0.91 0.83
level 11
[[101468    629]
 [ 10522   2069]] 0.9 0.83
level 12
[[101176    691]
 [ 10724   2097]] 0.9 0.83
level 13
[[100956    711]
 [ 10921   2100]] 0.9 0.83
level 14
[[100813    744]
 [ 11142   1989]] 0.9 0.82
level 15
[[100852    819]
 [ 11311   1706]] 0.89 0.81
level 16
[[101019    858]
 [ 11403   1408]] 0.89 0.8
level 17
[[100997    813]
 [ 11646   1232]] 0.89 0.77
