CNN: 

level 1
[[107695      7]
 [  6952     34]] 0.94 0.71
level 2
[[107690     18]
 [  6887     93]] 0.94 0.75
level 3
[[107562     59]
 [  6874    193]] 0.94 0.77
level 4
[[107328    137]
 [  6941    282]] 0.94 0.78
level 5
[[106598    272]
 [  7300    518]] 0.93 0.8
level 6
[[105692    338]
 [  7903    755]] 0.93 0.8
level 7
[[104779    481]
 [  8458    970]] 0.92 0.81
level 8
[[103797    613]
 [  9038   1240]] 0.92 0.81
level 9
[[102649    790]
 [  9574   1675]] 0.91 0.82
level 10
[[101739    923]
 [ 10047   1979]] 0.9 0.82
level 11
[[101099    998]
 [ 10375   2216]] 0.9 0.82
level 12
[[100823   1044]
 [ 10619   2202]] 0.9 0.82
level 13
[[100570   1097]
 [ 10798   2223]] 0.9 0.82
level 14
[[100459   1098]
 [ 10946   2185]] 0.89 0.81
level 15
[[100578   1093]
 [ 11132   1885]] 0.89 0.8
level 16
[[100814   1063]
 [ 11203   1608]] 0.89 0.79
level 17
[[100850    960]
 [ 11490   1388]] 0.89 0.76
